550.000000 7149.000000 0.087436 63.000000
1061.888889 7816.222222 -350.579412 63.000000
1573.777778 8483.444444 -603.357543 63.000000
2085.666667 9150.666667 -766.887522 63.000000
2597.555556 9817.888889 -846.218106 63.000000
3109.444444 10485.111111 -843.660284 63.000000
3621.333333 11152.333333 -759.140883 63.000000
4133.222222 11819.555556 -590.191733 63.000000
4645.111111 12486.777778 -331.570375 63.000000
5157.000000 13154.000000 25.634403 63.000000

708.000000 8223.000000 -45.017115 63.000000
1628.000000 8752.333333 -588.576023 63.000000
2548.000000 9281.666667 -972.005947 63.000000
3468.000000 9811.000000 -1215.695751 63.000000
4388.000000 10340.333333 -1330.805788 63.000000
5308.000000 10869.666667 -1322.189661 63.000000
6228.000000 11399.000000 -1189.492745 63.000000
7148.000000 11928.333333 -927.075314 63.000000
8068.000000 12457.666667 -522.717940 63.000000
8988.000000 12987.000000 45.671282 63.000000

660.000000 8104.000000 -23.766188 63.000000
1592.000000 8642.666667 -587.155531 63.000000
2524.000000 9181.333333 -984.608863 63.000000
3456.000000 9720.000000 -1237.975064 63.000000
4388.000000 10258.666667 -1359.182122 63.000000
5320.000000 10797.333333 -1353.465207 63.000000
6252.000000 11336.000000 -1220.583764 63.000000
7184.000000 11874.666667 -954.768154 63.000000
8116.000000 12413.333333 -543.365661 63.000000
9048.000000 12952.000000 36.650004 63.000000

960.000000 4304.000000 190.796155 63.000000
1146.666667 4060.444444 144.597742 63.000000
1333.333333 3816.888889 110.866790 63.000000
1520.000000 3573.333333 89.440279 63.000000
1706.666667 3329.777778 80.216132 63.000000
1893.333333 3086.222222 83.150754 63.000000
2080.000000 2842.666667 98.257992 63.000000
2266.666667 2599.111111 125.609465 63.000000
2453.333333 2355.555556 165.336276 63.000000
2640.000000 2112.000000 217.632211 63.000000

768.000000 4640.000000 223.243040 63.000000
997.333333 4341.333333 148.958857 63.000000
1226.666667 4042.666667 93.696643 63.000000
1456.000000 3744.000000 57.050602 63.000000
1685.333333 3445.333333 38.757996 63.000000
1914.666667 3146.666667 38.689531 63.000000
2144.000000 2848.000000 56.844725 63.000000
2373.333333 2549.333333 93.351893 63.000000
2602.666667 2250.666667 148.472737 63.000000
2832.000000 1952.000000 222.611931 63.000000

2640.000000 11552.000000 -122.075572 63.000000
3575.111111 11580.444444 -526.828491 63.000000
4510.222222 11608.888889 -812.154640 63.000000
5445.333333 11637.333333 -989.654297 63.000000
6380.444444 11665.777778 -1065.785298 63.000000
7315.555556 11694.222222 -1043.157646 63.000000
8250.666667 11722.666667 -921.005166 63.000000
9185.777778 11751.111111 -695.050049 63.000000
10120.888889 11779.555556 -356.700376 63.000000
11056.000000 11808.000000 108.808143 63.000000

2528.000000 11472.000000 -107.339110 63.000000
3489.777778 11502.222222 -535.205712 63.000000
4451.555556 11532.444444 -836.011845 63.000000
5413.333333 11562.666667 -1022.721217 63.000000
6375.111111 11592.888889 -1102.492477 63.000000
7336.888889 11623.111111 -1078.199376 63.000000
8298.666667 11653.333333 -948.977921 63.000000
9260.444444 11683.555556 -710.065573 63.000000
10222.222222 11713.777778 -351.857300 63.000000
11184.000000 11744.000000 142.307708 63.000000

5312.000000 1200.000000 -103.418748 63.000000
6067.555556 2227.555556 -868.885357 63.000000
6823.111111 3255.111111 -1397.564126 63.000000
7578.666667 4282.666667 -1728.830700 63.000000
8334.222222 5310.222222 -1882.907789 63.000000
9089.777778 6337.777778 -1868.245394 63.000000
9845.333333 7365.333333 -1684.063284 63.000000
10600.888889 8392.888889 -1320.128855 63.000000
11356.444444 9420.444444 -753.604878 63.000000
12112.000000 10448.000000 59.702783 63.000000

5376.000000 976.000000 56.795315 63.000000
6129.777778 2026.666667 -757.855778 63.000000
6883.555556 3077.333333 -1320.680103 63.000000
7637.333333 4128.000000 -1676.517584 63.000000
8391.111111 5178.666667 -1848.229297 63.000000
9144.888889 6229.333333 -1845.624599 63.000000
9898.666667 7280.000000 -1668.560068 63.000000
10652.444444 8330.666667 -1306.897149 63.000000
11406.222222 9381.333333 -737.285666 63.000000
12160.000000 10432.000000 86.034851 63.000000

5312.000000 1056.000000 5.970918 63.000000
6072.888889 2097.777778 -795.152532 63.000000
6833.777778 3139.555556 -1348.337164 63.000000
7594.666667 4181.333333 -1696.878003 63.000000
8355.555556 5223.111111 -1862.879498 63.000000
9116.444444 6264.888889 -1855.733073 63.000000
9877.333333 7306.666667 -1675.048130 63.000000
10638.222222 8348.444444 -1310.537633 63.000000
11399.111111 9390.222222 -738.770247 63.000000
12160.000000 10432.000000 86.034851 63.000000

832.000000 7920.000000 -175.386746 63.000000
1930.666667 7308.444444 -919.153646 63.000000
3029.333333 6696.888889 -1435.332155 63.000000
4128.000000 6085.333333 -1760.745151 63.000000
5226.666667 5473.777778 -1914.525723 63.000000
6325.333333 4862.222222 -1904.812276 63.000000
7424.000000 4250.666667 -1731.106452 63.000000
8522.666667 3639.111111 -1384.136687 63.000000
9621.333333 3027.555556 -843.130122 63.000000
10720.000000 2416.000000 -68.307258 63.000000

624.000000 7952.000000 -13.386892 63.000000
1742.222222 7328.000000 -811.710679 63.000000
2860.444444 6704.000000 -1365.614311 63.000000
3978.666667 6080.000000 -1717.738792 63.000000
5096.888889 5456.000000 -1890.041467 63.000000
6215.111111 4832.000000 -1892.089278 63.000000
7333.333333 4208.000000 -1723.991718 63.000000
8451.555556 3584.000000 -1376.432165 63.000000
9569.777778 2960.000000 -827.821037 63.000000
10688.000000 2336.000000 -36.196957 63.000000

560.000000 7872.000000 29.002767 63.000000
1680.000000 7246.222222 -776.852246 63.000000
2800.000000 6620.444444 -1335.563671 63.000000
3920.000000 5994.666667 -1690.747707 63.000000
5040.000000 5368.888889 -1864.803118 63.000000
6160.000000 4743.111111 -1867.489206 63.000000
7280.000000 4117.333333 -1698.950911 63.000000
8400.000000 3491.555556 -1349.760701 63.000000
9520.000000 2865.777778 -798.008923 63.000000
10640.000000 2240.000000 -0.988367 63.000000

5168.000000 1120.000000 -15.084241 63.000000
4853.333333 2254.222222 -699.060795 63.000000
4538.666667 3388.444444 -1179.599469 63.000000
4224.000000 4522.666667 -1488.232114 63.000000
3909.333333 5656.888889 -1641.780568 63.000000
3594.666667 6791.111111 -1647.786458 63.000000
3280.000000 7925.333333 -1506.534560 63.000000
2965.333333 9059.555556 -1211.124483 63.000000
2650.666667 10193.777778 -745.637237 63.000000
2336.000000 11328.000000 -80.098543 63.000000

5072.000000 1104.000000 17.441483 63.000000
4759.111111 2234.666667 -666.114953 63.000000
4446.222222 3365.333333 -1146.562781 63.000000
4133.333333 4496.000000 -1455.488156 63.000000
3820.444444 5626.666667 -1609.748400 63.000000
3507.555556 6757.333333 -1616.924342 63.000000
3194.666667 7888.000000 -1477.356244 63.000000
2881.777778 9018.666667 -1184.229460 63.000000
2568.888889 10149.333333 -721.765450 63.000000
2256.000000 11280.000000 -60.239203 63.000000

4992.000000 1056.000000 72.523445 63.000000
4677.333333 2192.000000 -621.622146 63.000000
4362.666667 3328.000000 -1108.779703 63.000000
4048.000000 4464.000000 -1421.709699 63.000000
3733.333333 5600.000000 -1577.816727 63.000000
3418.666667 6736.000000 -1584.905965 63.000000
3104.000000 7872.000000 -1443.319233 63.000000
2789.333333 9008.000000 -1146.022584 63.000000
2474.666667 10144.000000 -676.703453 63.000000
2160.000000 11280.000000 -4.502458 63.000000

11568.000000 3344.000000 -96.097166 63.000000
10341.333333 3712.000000 -871.983354 63.000000
9114.666667 4080.000000 -1408.239176 63.000000
7888.000000 4448.000000 -1745.216812 63.000000
6661.333333 4816.000000 -1903.638311 63.000000
5434.666667 5184.000000 -1892.237455 63.000000
4208.000000 5552.000000 -1710.405357 63.000000
2981.333333 5920.000000 -1348.016440 63.000000
1754.666667 6288.000000 -782.304619 63.000000
528.000000 6656.000000 30.857447 63.000000

11552.000000 3232.000000 -51.594394 63.000000
10323.555556 3600.000000 -834.690312 63.000000
9095.111111 3968.000000 -1375.677634 63.000000
7866.666667 4336.000000 -1715.814506 63.000000
6638.222222 4704.000000 -1876.242309 63.000000
5409.777778 5072.000000 -1865.886836 63.000000
4181.333333 5440.000000 -1684.190366 63.000000
2952.888889 5808.000000 -1320.950835 63.000000
1724.444444 6176.000000 -753.146563 63.000000
496.000000 6544.000000 63.971238 63.000000

11504.000000 3104.000000 -16.422276 63.000000
10280.888889 3477.333333 -801.416556 63.000000
9057.777778 3850.666667 -1344.143961 63.000000
7834.666667 4224.000000 -1686.152437 63.000000
6611.555556 4597.333333 -1848.746380 63.000000
5388.444444 4970.666667 -1840.980608 63.000000
4165.333333 5344.000000 -1662.436955 63.000000
2942.222222 5717.333333 -1303.103709 63.000000
1719.111111 6090.666667 -740.266835 63.000000
496.000000 6464.000000 70.238085 63.000000

2368.000000 2400.000000 186.473613 63.000000
3555.555556 2945.777778 -674.185547 63.000000
4743.111111 3491.555556 -1269.547962 63.000000
5930.666667 4037.333333 -1649.738476 63.000000
7118.222222 4583.111111 -1840.173174 63.000000
8305.777778 5128.888889 -1852.057002 63.000000
9493.333333 5674.666667 -1686.059014 63.000000
10680.888889 6220.444444 -1332.514719 63.000000
11868.444444 6766.222222 -768.316856 63.000000
13056.000000 7312.000000 52.250972 63.000000

2288.000000 2496.000000 174.415254 63.000000
3480.888889 3036.444444 -689.540619 63.000000
4673.777778 3576.888889 -1287.361714 63.000000
5866.666667 4117.333333 -1669.434583 63.000000
7059.555556 4657.777778 -1861.313794 63.000000
8252.444444 5198.222222 -1874.289443 63.000000
9445.333333 5738.666667 -1709.091733 63.000000
10638.222222 6279.111111 -1356.111708 63.000000
11831.111111 6819.555556 -792.314075 63.000000
13024.000000 7360.000000 27.878685 63.000000

2288.000000 2544.000000 145.672362 63.000000
3479.111111 3091.555556 -715.005511 63.000000
4670.222222 3639.111111 -1310.430515 63.000000
5861.333333 4186.666667 -1690.508658 63.000000
7052.444444 4734.222222 -1880.563128 63.000000
8243.555556 5281.777778 -1891.746502 63.000000
9434.666667 5829.333333 -1724.686980 63.000000
10625.777778 6376.888889 -1369.677898 63.000000
11816.888889 6924.444444 -803.561251 63.000000
13008.000000 7472.000000 19.440935 63.000000

6208.000000 992.000000 -59.857895 63.000000
6876.444444 2005.333333 -768.570150 63.000000
7544.888889 3018.666667 -1262.470850 63.000000
8213.333333 4032.000000 -1575.466828 63.000000
8881.777778 5045.333333 -1725.354486 63.000000
9550.222222 6058.666667 -1719.818177 63.000000
10218.666667 7072.000000 -1558.582911 63.000000
10887.111111 8085.333333 -1233.341624 63.000000
11555.555556 9098.666667 -725.407133 63.000000
12224.000000 10112.000000 0.703863 63.000000

6336.000000 992.000000 -67.966864 63.000000
6999.111111 1996.444444 -760.916827 63.000000
7662.222222 3000.888889 -1243.697030 63.000000
8325.333333 4005.333333 -1548.824570 63.000000
8988.444444 5009.777778 -1693.393194 63.000000
9651.555556 6014.222222 -1684.725501 63.000000
10314.666667 7018.666667 -1522.395384 63.000000
10977.777778 8023.111111 -1198.116561 63.000000
11640.888889 9027.555556 -693.421654 63.000000
12304.000000 10032.000000 26.623515 63.000000

6448.000000 992.000000 -73.354721 63.000000
7107.555556 1991.111111 -754.184318 63.000000
7767.111111 2990.222222 -1227.944864 63.000000
8426.666667 3989.333333 -1526.149817 63.000000
9086.222222 4988.444444 -1665.356235 63.000000
9745.777778 5987.555556 -1652.570164 63.000000
10405.333333 6986.666667 -1487.165785 63.000000
11064.888889 7985.777778 -1160.722454 63.000000
11724.444444 8984.888889 -654.669718 63.000000
12384.000000 9984.000000 66.040387 63.000000

2816.000000 2016.000000 187.847179 63.000000
3063.111111 3239.111111 -612.084647 63.000000
3310.222222 4462.222222 -1171.126301 63.000000
3557.333333 5685.333333 -1532.535278 63.000000
3804.444444 6908.444444 -1718.781769 63.000000
4051.555556 8131.555556 -1740.099425 63.000000
4298.666667 9354.666667 -1597.607289 63.000000
4545.777778 10577.777778 -1283.623874 63.000000
4792.888889 11800.888889 -779.403731 63.000000
5040.000000 13024.000000 -48.499440 63.000000

2912.000000 1968.000000 170.929320 63.000000
3162.666667 3216.000000 -644.544659 63.000000
3413.333333 4464.000000 -1210.634298 63.000000
3664.000000 5712.000000 -1572.498371 63.000000
3914.666667 6960.000000 -1753.302883 63.000000
4165.333333 8208.000000 -1763.292089 63.000000
4416.000000 9456.000000 -1603.008749 63.000000
4666.666667 10704.000000 -1263.452122 63.000000
4917.333333 11952.000000 -723.294394 63.000000
5168.000000 13200.000000 59.192044 63.000000

1824.000000 10768.000000 -55.004747 63.000000
2896.000000 10824.888889 -608.897403 63.000000
3968.000000 10881.777778 -999.007541 63.000000
5040.000000 10938.666667 -1246.481371 63.000000
6112.000000 10995.555556 -1362.847319 63.000000
7184.000000 11052.444444 -1353.091610 63.000000
8256.000000 11109.333333 -1216.806177 63.000000
9328.000000 11166.222222 -948.098688 63.000000
10400.000000 11223.111111 -534.214195 63.000000
11472.000000 11280.000000 47.980722 63.000000

1904.000000 10880.000000 -52.073556 63.000000
2956.444444 10933.333333 -588.004362 63.000000
4008.888889 10986.666667 -966.425270 63.000000
5061.333333 11040.000000 -1207.147778 63.000000
6113.777778 11093.333333 -1321.046690 63.000000
7166.222222 11146.666667 -1312.863757 63.000000
8218.666667 11200.000000 -1182.266389 63.000000
9271.111111 11253.333333 -923.776520 63.000000
10323.555556 11306.666667 -525.530968 63.000000
11376.000000 11360.000000 33.861978 63.000000

5824.000000 992.000000 -22.970463 63.000000
5326.222222 1274.666667 -161.114233 63.000000
4828.444444 1557.333333 -256.481358 63.000000
4330.666667 1840.000000 -310.575628 63.000000
3832.888889 2122.666667 -324.218628 63.000000
3335.111111 2405.333333 -297.614098 63.000000
2837.333333 2688.000000 -230.363450 63.000000
2339.555556 2970.666667 -121.435251 63.000000
1841.777778 3253.333333 30.916926 63.000000
1344.000000 3536.000000 229.304356 63.000000

6000.000000 1008.000000 -54.639422 63.000000
5477.333333 1301.333333 -206.339948 63.000000
4954.666667 1594.666667 -311.216019 63.000000
4432.000000 1888.000000 -371.064528 63.000000
3909.333333 2181.333333 -386.869596 63.000000
3386.666667 2474.666667 -358.886290 63.000000
2864.000000 2768.000000 -286.661644 63.000000
2341.333333 3061.333333 -168.997143 63.000000
1818.666667 3354.666667 -3.845161 63.000000
1296.000000 3648.000000 211.882671 63.000000

6144.000000 1056.000000 -104.290107 63.000000
5601.777778 1361.777778 -268.670855 63.000000
5059.555556 1667.555556 -382.723492 63.000000
4517.333333 1973.333333 -448.528734 63.000000
3975.111111 2279.111111 -467.234806 63.000000
3432.888889 2584.888889 -439.161404 63.000000
2890.666667 2890.666667 -363.827636 63.000000
2348.444444 3196.444444 -239.909833 63.000000
1806.222222 3502.222222 -65.120263 63.000000
1264.000000 3808.000000 164.020659 63.000000

8144.000000 1136.000000 -71.102801 63.000000
7290.666667 1681.777778 -552.566503 63.000000
6437.333333 2227.555556 -890.946574 63.000000
5584.000000 2773.333333 -1102.521229 63.000000
4730.666667 3319.111111 -1196.213244 63.000000
3877.333333 3864.888889 -1175.703173 63.000000
3024.000000 4410.666667 -1040.198734 63.000000
2170.666667 4956.444444 -784.274085 63.000000
1317.333333 5502.222222 -396.696487 63.000000
464.000000 6048.000000 142.424280 63.000000

9392.000000 1376.000000 67.532825 63.000000
8574.222222 1530.666667 -270.843457 63.000000
7756.444444 1685.333333 -513.008787 63.000000
6938.666667 1840.000000 -667.194401 63.000000
6120.888889 1994.666667 -738.152041 63.000000
5303.111111 2149.333333 -727.952536 63.000000
4485.333333 2304.000000 -636.302528 63.000000
3667.555556 2458.666667 -460.500732 63.000000
2849.777778 2613.333333 -195.017610 63.000000
2032.000000 2768.000000 169.466871 63.000000

784.000000 4736.000000 180.153365 63.000000
872.888889 5352.888889 -52.153765 63.000000
961.777778 5969.777778 -229.744481 63.000000
1050.666667 6586.666667 -356.181222 63.000000
1139.555556 7203.555556 -433.812701 63.000000
1228.444444 7820.444444 -464.009707 63.000000
1317.333333 8437.333333 -447.291495 63.000000
1406.222222 9054.222222 -383.371534 63.000000
1495.111111 9671.111111 -271.132403 63.000000
1584.000000 10288.000000 -108.524517 63.000000

880.000000 4464.000000 194.945080 63.000000
965.333333 5130.666667 -68.057817 63.000000
1050.666667 5797.333333 -266.970847 63.000000
1136.000000 6464.000000 -406.439500 63.000000
1221.333333 7130.666667 -489.454427 63.000000
1306.666667 7797.333333 -517.700322 63.000000
1392.000000 8464.000000 -491.734994 63.000000
1477.333333 9130.666667 -411.045957 63.000000
1562.666667 9797.333333 -273.998487 63.000000
1648.000000 10464.000000 -77.662363 63.000000

1120.000000 4096.000000 150.130300 63.000000
1182.222222 4812.444444 -137.998723 63.000000
1244.444444 5528.888889 -353.096802 63.000000
1306.666667 6245.333333 -500.823699 63.000000
1368.888889 6961.777778 -584.729016 63.000000
1431.111111 7678.222222 -606.717453 63.000000
1493.333333 8394.666667 -567.275499 63.000000
1555.555556 9111.111111 -465.526817 63.000000
1617.777778 9827.555556 -299.131743 63.000000
1680.000000 10544.000000 -64.002619 63.000000

560.000000 5696.000000 121.054482 63.000000
931.555556 5214.222222 -63.669147 63.000000
1303.111111 4732.444444 -198.182560 63.000000
1674.666667 4250.666667 -284.983422 63.000000
2046.222222 3768.888889 -325.595567 63.000000
2417.777778 3287.111111 -320.709573 63.000000
2789.333333 2805.333333 -270.243093 63.000000
3160.888889 2323.555556 -173.333773 63.000000
3532.444444 1841.777778 -28.263270 63.000000
3904.000000 1360.000000 167.703946 63.000000

528.000000 5408.000000 205.667292 63.000000
903.111111 4958.222222 23.624301 63.000000
1278.222222 4508.444444 -111.183994 63.000000
1653.333333 4058.666667 -201.136970 63.000000
2028.444444 3608.888889 -247.733542 63.000000
2403.555556 3159.111111 -251.723815 63.000000
2778.666667 2709.333333 -213.171211 63.000000
3153.777778 2259.555556 -131.457614 63.000000
3528.888889 1809.777778 -5.232521 63.000000
3904.000000 1360.000000 167.703946 63.000000

656.000000 4928.000000 224.328670 63.000000
1004.444444 4536.888889 75.899496 63.000000
1352.888889 4145.777778 -34.924885 63.000000
1701.333333 3754.666667 -109.719600 63.000000
2049.777778 3363.555556 -149.498050 63.000000
2398.222222 2972.444444 -154.783674 63.000000
2746.666667 2581.333333 -125.645236 63.000000
3095.111111 2190.222222 -61.701365 63.000000
3443.555556 1799.111111 37.904914 63.000000
3792.000000 1408.000000 174.565762 63.000000

1984.000000 2848.000000 154.382333 63.000000
1989.333333 3747.555556 -283.544265 63.000000
1994.666667 4647.111111 -603.581873 63.000000
2000.000000 5546.666667 -818.829498 63.000000
2005.333333 6446.222222 -937.010199 63.000000
2010.666667 7345.777778 -962.039737 63.000000
2016.000000 8245.333333 -894.719979 63.000000
2021.333333 9144.888889 -732.872740 63.000000
2026.666667 10044.444444 -470.969799 63.000000
2032.000000 10944.000000 -99.100882 63.000000

2176.000000 2656.000000 146.080552 63.000000
2172.444444 3600.000000 -326.779671 63.000000
2168.888889 4544.000000 -669.460276 63.000000
2165.333333 5488.000000 -897.311884 63.000000
2161.777778 6432.000000 -1019.210301 63.000000
2158.222222 7376.000000 -1039.525809 63.000000
2154.666667 8320.000000 -958.962969 63.000000
2151.111111 9264.000000 -774.688311 63.000000
2147.555556 10208.000000 -479.803914 63.000000
2144.000000 11152.000000 -61.918363 63.000000

4064.000000 12576.000000 -96.783599 63.000000
4718.222222 12565.333333 -298.110548 63.000000
5372.444444 12554.666667 -442.971833 63.000000
6026.666667 12544.000000 -534.302251 63.000000
6680.888889 12533.333333 -573.847549 63.000000
7335.111111 12522.666667 -562.339928 63.000000
7989.333333 12512.000000 -499.567760 63.000000
8643.555556 12501.333333 -384.355671 63.000000
9297.777778 12490.666667 -214.450456 63.000000
9952.000000 12480.000000 13.714364 63.000000

3984.000000 12512.000000 -112.893672 63.000000
4659.555556 12497.777778 -328.068998 63.000000
5335.111111 12483.555556 -482.959382 63.000000
6010.666667 12469.333333 -580.896567 63.000000
6686.222222 12455.111111 -623.860509 63.000000
7361.777778 12440.888889 -612.690650 63.000000
8037.333333 12426.666667 -547.170415 63.000000
8712.888889 12412.444444 -426.005698 63.000000
9388.444444 12398.222222 -246.692150 63.000000
10064.000000 12384.000000 -5.237765 63.000000

7808.000000 13200.000000 -36.717742 63.000000
6997.333333 12359.111111 -681.237521 63.000000
6186.666667 11518.222222 -1129.239604 63.000000
5376.000000 10677.333333 -1409.359263 63.000000
4565.333333 9836.444444 -1536.672984 63.000000
3754.666667 8995.555556 -1517.427539 63.000000
2944.000000 8154.666667 -1350.701138 63.000000
2133.333333 7313.777778 -1028.168804 63.000000
1322.666667 6472.888889 -531.817631 63.000000
512.000000 5632.000000 172.082763 63.000000

8080.000000 13248.000000 41.501659 63.000000
7237.333333 12385.777778 -654.973346 63.000000
6394.666667 11523.555556 -1137.787074 63.000000
5552.000000 10661.333333 -1440.388243 63.000000
4709.333333 9799.111111 -1580.180736 63.000000
3866.666667 8936.888889 -1564.436414 63.000000
3024.000000 8074.666667 -1392.358597 63.000000
2181.333333 7212.444444 -1054.867101 63.000000
1338.666667 6350.222222 -531.954005 63.000000
496.000000 5488.000000 214.487919 63.000000

12784.000000 5200.000000 69.710155 63.000000
11628.444444 4876.444444 -622.288799 63.000000
10472.888889 4552.888889 -1101.947049 63.000000
9317.333333 4229.333333 -1402.424862 63.000000
8161.777778 3905.777778 -1540.976848 63.000000
7006.222222 3582.222222 -1524.801615 63.000000
5850.666667 3258.666667 -1353.081455 63.000000
4695.111111 2935.111111 -1016.761934 63.000000
3539.555556 2611.555556 -495.916879 63.000000
2384.000000 2288.000000 247.390751 63.000000

12784.000000 5072.000000 102.377473 63.000000
11628.444444 4762.666667 -591.368052 63.000000
10472.888889 4453.333333 -1072.816227 63.000000
9317.333333 4144.000000 -1375.342753 63.000000
8161.777778 3834.666667 -1516.340698 63.000000
7006.222222 3525.333333 -1503.134803 63.000000
5850.666667 3216.000000 -1335.058414 63.000000
4695.111111 2906.666667 -1003.274072 63.000000
3539.555556 2597.333333 -488.212256 63.000000
2384.000000 2288.000000 247.390751 63.000000

10656.000000 11888.000000 -52.049193 63.000000
10398.222222 10696.888889 -773.688759 63.000000
10140.444444 9505.777778 -1277.645916 63.000000
9882.666667 8314.666667 -1598.894961 63.000000
9624.888889 7123.555556 -1755.825500 63.000000
9367.111111 5932.444444 -1756.511775 63.000000
9109.333333 4741.333333 -1600.987901 63.000000
8851.555556 3550.222222 -1281.256892 63.000000
8593.777778 2359.111111 -779.039686 63.000000
8336.000000 1168.000000 -59.557703 63.000000

10544.000000 11968.000000 -57.561543 63.000000
10279.111111 10764.444444 -794.630821 63.000000
10014.222222 9560.888889 -1308.754323 63.000000
9749.333333 8357.333333 -1636.332532 63.000000
9484.444444 7153.777778 -1796.431004 63.000000
9219.555556 5950.222222 -1797.409885 63.000000
8954.666667 4746.666667 -1639.318528 63.000000
8689.777778 3543.111111 -1313.908760 63.000000
8424.888889 2339.555556 -802.276036 63.000000
8160.000000 1136.000000 -68.307258 63.000000

12928.000000 8000.000000 -1.813911 63.000000
12785.777778 7468.444444 -153.109797 63.000000
12643.555556 6936.888889 -264.263662 63.000000
12501.333333 6405.333333 -336.914988 63.000000
12359.111111 5873.777778 -372.087140 63.000000
12216.888889 5342.222222 -370.262479 63.000000
12074.666667 4810.666667 -331.416186 63.000000
11932.444444 4279.111111 -255.014549 63.000000
11790.222222 3747.555556 -139.977411 63.000000
11648.000000 3216.000000 15.401587 63.000000

12880.000000 8400.000000 16.196182 63.000000
12725.333333 7802.666667 -176.465249 63.000000
12570.666667 7205.333333 -317.995999 63.000000
12416.000000 6608.000000 -411.031285 63.000000
12261.333333 6010.666667 -457.204831 63.000000
12106.666667 5413.333333 -457.300094 63.000000
11952.000000 4816.000000 -411.318672 63.000000
11797.333333 4218.666667 -318.480442 63.000000
11642.666667 3621.333333 -177.155450 63.000000
11488.000000 3024.000000 15.286910 63.000000

2656.000000 11424.000000 -200.439087 63.000000
3758.222222 11233.777778 -769.561383 63.000000
4860.444444 11043.555556 -1165.238292 63.000000
5962.666667 10853.333333 -1409.782628 63.000000
7064.888889 10663.111111 -1515.068371 63.000000
8167.111111 10472.888889 -1485.819066 63.000000
9269.333333 10282.666667 -1320.744527 63.000000
10371.555556 10092.444444 -1012.239697 63.000000
11473.777778 9902.222222 -544.465499 63.000000
12576.000000 9712.000000 111.486406 63.000000

2384.000000 11328.000000 -106.831024 63.000000
3532.444444 11143.111111 -730.354925 63.000000
4680.888889 10958.222222 -1162.180266 63.000000
5829.333333 10773.333333 -1429.171198 63.000000
6977.777778 10588.444444 -1545.422787 63.000000
8126.222222 10403.555556 -1516.562219 63.000000
9274.666667 10218.666667 -1341.219443 63.000000
10423.111111 10033.777778 -1010.681535 63.000000
11571.555556 9848.888889 -506.505553 63.000000
12720.000000 9664.000000 205.684083 63.000000

2336.000000 11248.000000 -122.228513 63.000000
3484.444444 11063.111111 -749.336027 63.000000
4632.888889 10878.222222 -1184.727656 63.000000
5781.333333 10693.333333 -1455.415391 63.000000
6929.777778 10508.444444 -1575.632345 63.000000
8078.222222 10323.555556 -1551.165897 63.000000
9226.666667 10138.666667 -1380.862993 63.000000
10375.111111 9953.777778 -1056.341569 63.000000
11523.555556 9768.888889 -559.721758 63.000000
12672.000000 9584.000000 142.282728 63.000000

2160.000000 11088.000000 -103.685007 63.000000
3328.000000 10910.222222 -757.007680 63.000000
4496.000000 10732.444444 -1210.897138 63.000000
5664.000000 10554.666667 -1494.526846 63.000000
6832.000000 10376.888889 -1623.236690 63.000000
8000.000000 10199.111111 -1603.370982 63.000000
9168.000000 10021.333333 -1433.973805 63.000000
10336.000000 9843.555556 -1106.544500 63.000000
11504.000000 9665.777778 -602.691549 63.000000
12672.000000 9488.000000 112.066957 63.000000

2912.000000 11776.000000 -130.531255 63.000000
4037.333333 11319.111111 -821.377096 63.000000
5162.666667 10862.222222 -1300.813179 63.000000
6288.000000 10405.333333 -1601.140988 63.000000
7413.333333 9948.444444 -1739.241691 63.000000
8538.666667 9491.555556 -1722.155145 63.000000
9664.000000 9034.666667 -1549.033107 63.000000
10789.333333 8577.777778 -1210.914969 63.000000
11914.666667 8120.888889 -688.172144 63.000000
13040.000000 7664.000000 56.358877 63.000000

2896.000000 11664.000000 -187.395773 63.000000
4019.555556 11194.666667 -875.202256 63.000000
5143.111111 10725.333333 -1352.404870 63.000000
6266.666667 10256.000000 -1650.863035 63.000000
7390.222222 9786.666667 -1787.234923 63.000000
8513.777778 9317.333333 -1768.432677 63.000000
9637.333333 8848.000000 -1593.527370 63.000000
10760.888889 8378.666667 -1253.504651 63.000000
11884.444444 7909.333333 -728.704348 63.000000
13008.000000 7440.000000 18.031432 63.000000

2768.000000 11648.000000 -133.369255 63.000000
3907.555556 11148.444444 -860.609690 63.000000
5047.111111 10648.888889 -1364.630277 63.000000
6186.666667 10149.333333 -1680.990387 63.000000
7326.222222 9649.777778 -1828.151256 63.000000
8465.777778 9150.222222 -1813.862842 63.000000
9605.333333 8650.666667 -1637.394077 63.000000
10744.888889 8151.111111 -1289.333268 63.000000
11884.444444 7651.555556 -748.816780 63.000000
13024.000000 7152.000000 24.039977 63.000000

2720.000000 11520.000000 -180.838183 63.000000
3864.888889 11018.666667 -905.640254 63.000000
5009.777778 10517.333333 -1407.123403 63.000000
6154.666667 10016.000000 -1720.536248 63.000000
7299.555556 9514.666667 -1864.139673 63.000000
8444.444444 9013.333333 -1845.498658 63.000000
9589.333333 8512.000000 -1663.657398 63.000000
10734.222222 8010.666667 -1308.877718 63.000000
11879.111111 7509.333333 -759.754307 63.000000
13024.000000 7008.000000 24.630424 63.000000

3184.000000 11968.000000 -142.961123 63.000000
4270.222222 11315.555556 -893.298904 63.000000
5356.444444 10663.111111 -1411.861111 63.000000
6442.666667 10010.666667 -1736.419141 63.000000
7528.888889 9358.222222 -1886.436285 63.000000
8615.111111 8705.777778 -1870.015281 63.000000
9701.333333 8053.333333 -1686.294438 63.000000
10787.555556 7400.888889 -1325.205935 63.000000
11873.777778 6748.444444 -764.419167 63.000000
12960.000000 6096.000000 39.077508 63.000000

3312.000000 12192.000000 -59.509023 63.000000
4382.222222 11470.222222 -848.677891 63.000000
5452.444444 10748.444444 -1392.861571 63.000000
6522.666667 10026.666667 -1733.976593 63.000000
7592.888889 9304.888889 -1893.421656 63.000000
8663.111111 8583.111111 -1880.151503 63.000000
9733.333333 7861.333333 -1693.444059 63.000000
10803.555556 7139.555556 -1322.689893 63.000000
11873.777778 6417.777778 -744.042875 63.000000
12944.000000 5696.000000 88.986380 63.000000

3808.000000 12400.000000 -124.514241 63.000000
4805.333333 11607.111111 -884.980773 63.000000
5802.666667 10814.222222 -1410.136529 63.000000
6800.000000 10021.333333 -1738.809038 63.000000
7797.333333 9228.444444 -1890.951415 63.000000
8794.666667 8435.555556 -1874.870768 63.000000
9792.000000 7642.666667 -1689.714525 63.000000
10789.333333 6849.777778 -1325.228636 63.000000
11786.666667 6056.888889 -758.608284 63.000000
12784.000000 5264.000000 54.218215 63.000000

4176.000000 12704.000000 -44.809900 63.000000
5102.222222 11786.666667 -852.392121 63.000000
6028.444444 10869.333333 -1408.817413 63.000000
6954.666667 9952.000000 -1757.919372 63.000000
7880.888889 9034.666667 -1921.992013 63.000000
8807.111111 8117.333333 -1910.391403 63.000000
9733.333333 7200.000000 -1722.477452 63.000000
10659.555556 6282.666667 -1347.424470 63.000000
11585.777778 5365.333333 -760.753088 63.000000
12512.000000 4448.000000 85.489314 63.000000

4152.000000 12624.000000 -93.124628 63.000000
5078.222222 11706.666667 -890.370513 63.000000
6004.444444 10789.333333 -1438.998833 63.000000
6930.666667 9872.000000 -1781.683371 63.000000
7856.888889 8954.666667 -1940.121643 63.000000
8783.111111 8037.333333 -1923.298104 63.000000
9709.333333 7120.000000 -1730.287422 63.000000
10635.555556 6202.666667 -1349.981508 63.000000
11561.777778 5285.333333 -757.528641 63.000000
12488.000000 4368.000000 95.679028 63.000000

5360.000000 12992.000000 -135.828574 63.000000
6072.888889 11941.333333 -900.035362 63.000000
6785.777778 10890.666667 -1430.006710 63.000000
7498.666667 9840.000000 -1764.642026 63.000000
8211.555556 8789.333333 -1924.069329 63.000000
8924.444444 7738.666667 -1916.891158 63.000000
9637.333333 6688.000000 -1742.732674 63.000000
10350.222222 5637.333333 -1392.137091 63.000000
11063.111111 4586.666667 -843.732280 63.000000
11776.000000 3536.000000 -56.352241 63.000000

4640.000000 12912.000000 -33.641353 63.000000
5486.222222 11928.888889 -840.001214 63.000000
6332.444444 10945.777778 -1396.867336 63.000000
7178.666667 9962.666667 -1747.862929 63.000000
8024.888889 8979.555556 -1915.261233 63.000000
8871.111111 7996.444444 -1908.535944 63.000000
9717.333333 7013.333333 -1727.319433 63.000000
10563.555556 6030.222222 -1361.295039 63.000000
11409.777778 5047.111111 -786.940578 63.000000
12256.000000 4064.000000 41.707130 63.000000

544.000000 6816.000000 10.373755 63.000000
1786.666667 6435.555556 -813.689260 63.000000
3029.333333 6055.111111 -1384.203068 63.000000
4272.000000 5674.666667 -1746.596776 63.000000
5514.666667 5294.222222 -1924.098251 63.000000
6757.333333 4913.777778 -1926.805188 63.000000
8000.000000 4533.333333 -1754.865704 63.000000
9242.666667 4152.888889 -1398.521784 63.000000
10485.333333 3772.444444 -835.049009 63.000000
11728.000000 3392.000000 -19.962074 63.000000

576.000000 6960.000000 -19.122128 63.000000
1825.777778 6577.777778 -846.063257 63.000000
3075.555556 6195.555556 -1417.844584 63.000000
4325.333333 5813.333333 -1780.125651 63.000000
5575.111111 5431.111111 -1956.204390 63.000000
6824.888889 5048.888889 -1956.138255 63.000000
8074.666667 4666.666667 -1779.923610 63.000000
9324.444444 4284.444444 -1417.494653 63.000000
10574.222222 3902.222222 -845.541055 63.000000
11824.000000 3520.000000 -18.379965 63.000000

576.000000 7088.000000 -20.557321 63.000000
1832.888889 6707.555556 -857.129489 63.000000
3089.777778 6327.111111 -1435.605251 63.000000
4346.666667 5946.666667 -1802.603389 63.000000
5603.555556 5566.222222 -1981.886069 63.000000
6860.444444 5185.777778 -1983.748030 63.000000
8117.333333 4805.333333 -1808.292112 63.000000
9374.222222 4424.888889 -1445.459721 63.000000
10631.111111 4044.444444 -871.839959 63.000000
11888.000000 3664.000000 -41.476451 63.000000

544.000000 7216.000000 5.463687 63.000000
1822.222222 6832.000000 -855.960470 63.000000
3100.444444 6448.000000 -1449.281992 63.000000
4378.666667 6064.000000 -1824.066707 63.000000
5656.888889 5680.000000 -2005.332696 63.000000
6935.111111 5296.000000 -2003.788712 63.000000
8213.333333 4912.000000 -1819.346987 63.000000
9491.555556 4528.000000 -1441.096422 63.000000
10769.777778 4144.000000 -843.714514 63.000000
12048.000000 3760.000000 22.949406 63.000000

560.000000 7376.000000 -3.489254 63.000000
1845.333333 6988.444444 -872.720632 63.000000
3130.666667 6600.888889 -1470.849885 63.000000
4416.000000 6213.333333 -1848.278941 63.000000
5701.333333 5825.777778 -2030.387533 63.000000
6986.666667 5438.222222 -2028.007733 63.000000
8272.000000 5050.666667 -1841.003324 63.000000
9557.333333 4663.111111 -1458.227886 63.000000
10842.666667 4275.555556 -853.827445 63.000000
12128.000000 3888.000000 23.515172 63.000000

496.000000 6112.000000 107.713888 63.000000
1861.333333 5991.111111 -810.222261 63.000000
3226.666667 5870.222222 -1439.026968 63.000000
4592.000000 5749.333333 -1835.305159 63.000000
5957.333333 5628.444444 -2027.145072 63.000000
7322.666667 5507.555556 -2026.492796 63.000000
8688.000000 5386.666667 -1833.309345 63.000000
10053.333333 5265.777778 -1435.558087 63.000000
11418.666667 5144.888889 -805.011739 63.000000
12784.000000 5024.000000 115.210984 63.000000

576.000000 5840.000000 83.158813 63.000000
1925.333333 5736.888889 -809.639445 63.000000
3274.666667 5633.777778 -1422.552803 63.000000
4624.000000 5530.666667 -1809.128124 63.000000
5973.333333 5427.555556 -1996.119193 63.000000
7322.666667 5324.444444 -1994.929919 63.000000
8672.000000 5221.333333 -1805.490613 63.000000
10021.333333 5118.222222 -1416.235986 63.000000
11370.666667 5015.111111 -800.166459 63.000000
12720.000000 4912.000000 96.746747 63.000000

1232.000000 4048.000000 87.762641 63.000000
2545.777778 4400.000000 -819.196893 63.000000
3859.555556 4752.000000 -1442.234783 63.000000
5173.333333 5104.000000 -1836.415484 63.000000
6487.111111 5456.000000 -2029.231008 63.000000
7800.888889 5808.000000 -2032.500427 63.000000
9114.666667 6160.000000 -1846.415898 63.000000
10428.444444 6512.000000 -1459.603531 63.000000
11742.222222 6864.000000 -845.250201 63.000000
13056.000000 7216.000000 50.374735 63.000000

1224.000000 3936.000000 138.803038 63.000000
2537.777778 4288.000000 -779.342507 63.000000
3851.555556 4640.000000 -1410.476220 63.000000
5165.333333 4992.000000 -1811.137797 63.000000
6479.111111 5344.000000 -2009.525904 63.000000
7792.888889 5696.000000 -2017.874463 63.000000
9106.666667 6048.000000 -1836.675939 63.000000
10420.444444 6400.000000 -1454.837929 63.000000
11734.222222 6752.000000 -845.905224 63.000000
13048.000000 7104.000000 43.227786 63.000000

1256.000000 3824.000000 162.893476 63.000000
2569.777778 4176.000000 -757.523672 63.000000
3883.555556 4528.000000 -1389.867398 63.000000
5197.333333 4880.000000 -1791.115317 63.000000
6511.111111 5232.000000 -1989.641468 63.000000
7824.888889 5584.000000 -1997.740611 63.000000
9138.666667 5936.000000 -1815.892502 63.000000
10452.444444 6288.000000 -1432.915135 63.000000
11766.222222 6640.000000 -822.136955 63.000000
13080.000000 6992.000000 70.056605 63.000000

1304.000000 3728.000000 170.285808 63.000000
2608.000000 4072.888889 -740.250237 63.000000
3912.000000 4417.777778 -1367.153059 63.000000
5216.000000 4762.666667 -1766.180766 63.000000
6520.000000 5107.555556 -1965.225922 63.000000
7824.000000 5452.444444 -1976.475189 63.000000
9128.000000 5797.333333 -1800.586766 63.000000
10432.000000 6142.222222 -1426.897867 63.000000
11736.000000 6487.111111 -829.835633 63.000000
13040.000000 6832.000000 41.813977 63.000000

1380.000000 3648.000000 152.188282 63.000000
2670.222222 3984.000000 -738.273509 63.000000
3960.444444 4320.000000 -1352.913960 63.000000
5250.666667 4656.000000 -1745.005864 63.000000
6540.888889 4992.000000 -1941.380275 63.000000
7831.111111 5328.000000 -1953.830935 63.000000
9121.333333 5664.000000 -1783.072618 63.000000
10411.555556 6000.000000 -1418.961884 63.000000
11701.777778 6336.000000 -837.160500 63.000000
12992.000000 6672.000000 10.783067 63.000000

8137.000000 1184.000000 -108.392918 63.000000
7468.555556 2275.555556 -896.301572 63.000000
6800.111111 3367.111111 -1443.688134 63.000000
6131.666667 4458.666667 -1791.697155 63.000000
5463.222222 5550.222222 -1961.613404 63.000000
4794.777778 6641.777778 -1962.713037 63.000000
4126.333333 7733.333333 -1795.053922 63.000000
3457.888889 8824.888889 -1449.491919 63.000000
2789.444444 9916.444444 -904.935072 63.000000
2121.000000 11008.000000 -120.591720 63.000000

8057.000000 1136.000000 -85.720175 63.000000
7388.555556 2227.555556 -875.557224 63.000000
6720.111111 3319.111111 -1424.054270 63.000000
6051.666667 4410.666667 -1772.662385 63.000000
5383.222222 5502.222222 -1942.799018 63.000000
4714.777778 6593.777778 -1943.790161 63.000000
4046.333333 7685.333333 -1775.688182 63.000000
3377.888889 8776.888889 -1429.286613 63.000000
2709.444444 9868.444444 -883.342832 63.000000
2041.000000 10960.000000 -96.726504 63.000000

7961.000000 1120.000000 -88.626783 63.000000
7294.333333 2199.111111 -865.707424 63.000000
6627.666667 3278.222222 -1406.205079 63.000000
5961.000000 4357.333333 -1750.252284 63.000000
5294.333333 5436.444444 -1918.673514 63.000000
4627.666667 6515.555556 -1920.575083 63.000000
3961.000000 7594.666667 -1756.056103 63.000000
3294.333333 8673.777778 -1416.236076 63.000000
2627.666667 9752.888889 -880.619169 63.000000
1961.000000 10832.000000 -109.670884 63.000000

7865.000000 1072.000000 -65.956046 63.000000
7197.444444 2137.777778 -836.063885 63.000000
6529.888889 3203.555556 -1372.799466 63.000000
5862.333333 4269.333333 -1715.616686 63.000000
5194.777778 5335.111111 -1885.068770 63.000000
4527.222222 6400.888889 -1890.228063 63.000000
3859.666667 7466.666667 -1731.360565 63.000000
3192.111111 8532.444444 -1399.999132 63.000000
2524.555556 9598.222222 -876.467837 63.000000
1857.000000 10664.000000 -122.899046 63.000000

7753.000000 1072.000000 -80.654305 63.000000
7086.777778 2122.222222 -831.845859 63.000000
6420.555556 3172.444444 -1355.990147 63.000000
5754.333333 4222.666667 -1690.666042 63.000000
5088.111111 5272.888889 -1855.537162 63.000000
4421.888889 6323.111111 -1859.276767 63.000000
3755.666667 7373.333333 -1702.074532 63.000000
3089.444444 8423.555556 -1375.687838 63.000000
2423.222222 9473.777778 -861.073661 63.000000
1757.000000 10524.000000 -121.764585 63.000000

3017.000000 1888.000000 172.879578 63.000000
3267.666667 3141.333333 -653.954919 63.000000
3518.333333 4394.666667 -1228.444542 63.000000
3769.000000 5648.000000 -1596.844838 63.000000
4019.666667 6901.333333 -1782.882841 63.000000
4270.333333 8154.666667 -1797.138008 63.000000
4521.000000 9408.000000 -1640.386210 63.000000
4771.666667 10661.333333 -1303.826021 63.000000
5022.333333 11914.666667 -766.360561 63.000000
5273.000000 13168.000000 13.350515 63.000000

3113.000000 1744.000000 226.195815 63.000000
3369.000000 3016.888889 -636.028712 63.000000
3625.000000 4289.777778 -1234.057225 63.000000
3881.000000 5562.666667 -1618.198470 63.000000
4137.000000 6835.555556 -1814.048813 63.000000
4393.000000 8108.444444 -1833.065528 63.000000
4649.000000 9381.333333 -1676.310061 63.000000
4905.000000 10654.222222 -1334.766158 63.000000
5161.000000 11927.111111 -786.483996 63.000000
5417.000000 13200.000000 11.919595 63.000000

537.000000 6976.000000 11.532738 63.000000
1491.666667 7639.111111 -647.278561 63.000000
2446.333333 8302.222222 -1108.529181 63.000000
3401.000000 8965.333333 -1401.883380 63.000000
4355.666667 9628.444444 -1543.120983 63.000000
5310.333333 10291.555556 -1539.124937 63.000000
6265.000000 10954.666667 -1389.706371 63.000000
7219.666667 11617.777778 -1087.557217 63.000000
8174.333333 12280.888889 -616.299731 63.000000
9129.000000 12944.000000 54.760078 63.000000

609.000000 6840.000000 -41.832667 63.000000
1563.666667 7503.111111 -699.036328 63.000000
2518.333333 8166.222222 -1160.017033 63.000000
3473.000000 8829.333333 -1454.054568 63.000000
4427.666667 9492.444444 -1596.785979 63.000000
5382.333333 10155.555556 -1595.088846 63.000000
6337.000000 10818.666667 -1448.883908 63.000000
7291.666667 11481.777778 -1151.115430 63.000000
8246.333333 12144.888889 -685.896789 63.000000
9201.000000 12808.000000 -23.521099 63.000000

569.000000 5784.000000 98.175324 63.000000
1520.111111 6574.222222 -664.264202 63.000000
2471.222222 7364.444444 -1195.804927 63.000000
3422.333333 8154.666667 -1535.848345 63.000000
4373.444444 8944.888889 -1704.907674 63.000000
5324.555556 9735.111111 -1712.076702 63.000000
6275.666667 10525.333333 -1557.726377 63.000000
7226.777778 11315.555556 -1233.607298 63.000000
8177.888889 12105.777778 -720.431875 63.000000
9129.000000 12896.000000 18.980526 63.000000

1049.000000 9024.000000 -145.846303 63.000000
2272.111111 9185.777778 -857.638333 63.000000
3495.222222 9347.555556 -1351.014693 63.000000
4718.333333 9509.333333 -1660.107163 63.000000
5941.444444 9671.111111 -1802.674582 63.000000
7164.555556 9832.888889 -1786.127532 63.000000
8387.666667 9994.666667 -1609.629174 63.000000
9610.777778 10156.444444 -1263.869577 63.000000
10833.888889 10318.222222 -728.355302 63.000000
12057.000000 10480.000000 35.936029 63.000000

1049.000000 9192.000000 -103.684440 63.000000
2265.000000 9349.333333 -813.250481 63.000000
3481.000000 9506.666667 -1305.686847 63.000000
4697.000000 9664.000000 -1615.021498 63.000000
5913.000000 9821.333333 -1758.993687 63.000000
7129.000000 9978.666667 -1745.066674 63.000000
8345.000000 10136.000000 -1572.538738 63.000000
9561.000000 10293.333333 -1232.354719 63.000000
10777.000000 10450.666667 -704.486512 63.000000
11993.000000 10608.000000 49.178215 63.000000

1145.000000 9372.000000 -123.100263 63.000000
2345.000000 9525.333333 -807.242877 63.000000
3545.000000 9678.666667 -1281.778591 63.000000
4745.000000 9832.000000 -1578.481682 63.000000
5945.000000 9985.333333 -1713.954473 63.000000
7145.000000 10138.666667 -1695.079886 63.000000
8345.000000 10292.000000 -1520.923189 63.000000
9545.000000 10445.333333 -1182.485474 63.000000
10745.000000 10598.666667 -660.140225 63.000000
11945.000000 10752.000000 83.231695 63.000000

857.000000 8544.000000 -106.286043 63.000000
2032.111111 8848.000000 -803.899417 63.000000
3207.222222 9152.000000 -1289.023840 63.000000
4382.333333 9456.000000 -1594.534963 63.000000
5557.444444 9760.000000 -1737.656891 63.000000
6732.555556 10064.000000 -1725.690128 63.000000
7907.666667 10368.000000 -1558.041536 63.000000
9082.777778 10672.000000 -1226.067804 63.000000
10257.888889 10976.000000 -710.625281 63.000000
11433.000000 11280.000000 24.555142 63.000000

4633.000000 1152.000000 88.875329 63.000000
4579.666667 2416.000000 -723.683013 63.000000
4526.333333 3680.000000 -1291.633681 63.000000
4473.000000 4944.000000 -1659.007310 63.000000
4419.666667 6208.000000 -1848.674188 63.000000
4366.333333 7472.000000 -1871.064554 63.000000
4313.000000 8736.000000 -1727.354309 63.000000
4259.666667 10000.000000 -1409.795226 63.000000
4206.333333 11264.000000 -899.432001 63.000000
4153.000000 12528.000000 -159.394135 63.000000

4521.000000 1120.000000 145.554244 63.000000
4471.222222 2398.222222 -685.330090 63.000000
4421.444444 3676.444444 -1263.822716 63.000000
4371.666667 4954.666667 -1636.315715 63.000000
4321.888889 6232.888889 -1826.680539 63.000000
4272.111111 7511.111111 -1845.674628 63.000000
4222.333333 8789.333333 -1694.323471 63.000000
4172.555556 10067.555556 -1364.217171 63.000000
4122.777778 11345.777778 -834.946459 63.000000
4073.000000 12624.000000 -66.557958 63.000000

3561.000000 1536.000000 173.669618 63.000000
4528.111111 2488.888889 -749.983412 63.000000
5495.222222 3441.777778 -1385.498744 63.000000
6462.333333 4394.666667 -1790.159170 63.000000
7429.444444 5347.555556 -1992.542054 63.000000
8396.555556 6300.444444 -2005.144245 63.000000
9363.666667 7253.333333 -1828.708731 63.000000
10330.777778 8206.222222 -1452.460770 63.000000
11297.888889 9159.111111 -850.452730 63.000000
12265.000000 10112.000000 29.419788 63.000000

3673.000000 1440.000000 198.077716 63.000000
4633.000000 2389.333333 -722.504297 63.000000
5593.000000 3338.666667 -1356.835315 63.000000
6553.000000 4288.000000 -1761.884029 63.000000
7513.000000 5237.333333 -1966.136936 63.000000
8473.000000 6186.666667 -1982.143372 63.000000
9433.000000 7136.000000 -1810.841143 63.000000
10393.000000 8085.333333 -1441.852601 63.000000
11353.000000 9034.666667 -849.999097 63.000000
12313.000000 9984.000000 15.201479 63.000000

3849.000000 1408.000000 152.617206 63.000000
4805.444444 2350.222222 -742.188671 63.000000
5761.888889 3292.444444 -1357.856243 63.000000
6718.333333 4234.666667 -1748.372029 63.000000
7674.777778 5176.888889 -1940.773786 63.000000
8631.222222 6119.111111 -1946.766565 63.000000
9587.666667 7061.333333 -1766.699640 63.000000
10544.111111 8003.555556 -1389.676136 63.000000
11500.555556 8945.777778 -789.886515 63.000000
12457.000000 9888.000000 84.256378 63.000000

4009.000000 1376.000000 117.284092 63.000000
4953.000000 2309.333333 -751.954703 63.000000
5897.000000 3242.666667 -1350.884829 63.000000
6841.000000 4176.000000 -1730.451358 63.000000
7785.000000 5109.333333 -1916.320898 63.000000
8729.000000 6042.666667 -1919.579492 63.000000
9673.000000 6976.000000 -1740.413700 63.000000
10617.000000 7909.333333 -1368.168035 63.000000
11561.000000 8842.666667 -777.825499 63.000000
12505.000000 9776.000000 80.305073 63.000000

8137.000000 1200.000000 -120.317976 63.000000
8266.777778 2478.222222 -906.045681 63.000000
8396.555556 3756.444444 -1450.482749 63.000000
8526.333333 5034.666667 -1794.669860 63.000000
8656.111111 6312.888889 -1959.754013 63.000000
8785.888889 7591.111111 -1954.805923 63.000000
8915.666667 8869.333333 -1779.562899 63.000000
9045.444444 10147.555556 -1424.354255 63.000000
9175.222222 11425.777778 -867.153861 63.000000
9305.000000 12704.000000 -65.303416 63.000000

8297.000000 1184.000000 -79.209786 63.000000
8421.444444 2458.666667 -867.727553 63.000000
8545.888889 3733.333333 -1414.680752 63.000000
8670.333333 5008.000000 -1761.490482 63.000000
8794.777778 6282.666667 -1929.519840 63.000000
8919.222222 7557.333333 -1928.010140 63.000000
9043.666667 8832.000000 -1756.881277 63.000000
9168.111111 10106.666667 -1406.708989 63.000000
9292.555556 11381.333333 -855.862170 63.000000
9417.000000 12656.000000 -62.426742 63.000000

8409.000000 1184.000000 -56.785904 63.000000
8538.777778 2446.222222 -837.962410 63.000000
8668.555556 3708.444444 -1381.133698 63.000000
8798.333333 4970.666667 -1726.973480 63.000000
8928.111111 6232.888889 -1896.556757 63.000000
9057.888889 7495.111111 -1899.105967 63.000000
9187.666667 8757.333333 -1734.754683 63.000000
9317.444444 10019.555556 -1394.585019 63.000000
9447.222222 11281.777778 -857.966066 63.000000
9577.000000 12544.000000 -85.034804 63.000000

9833.000000 1696.000000 -0.671038 63.000000
9607.222222 2967.111111 -819.041321 63.000000
9381.444444 4238.222222 -1387.283536 63.000000
9155.666667 5509.333333 -1750.017504 63.000000
8929.888889 6780.444444 -1930.186451 63.000000
8704.111111 8051.555556 -1937.899312 63.000000
8478.333333 9322.666667 -1773.571669 63.000000
8252.555556 10593.777778 -1428.045640 63.000000
8026.777778 11864.888889 -879.779375 63.000000
7801.000000 13136.000000 -86.755195 63.000000

10009.000000 1824.000000 -17.363901 63.000000
9776.111111 3091.555556 -820.771788 63.000000
9543.222222 4359.111111 -1376.954747 63.000000
9310.333333 5626.666667 -1729.170064 63.000000
9077.444444 6894.222222 -1899.597381 63.000000
8844.555556 8161.777778 -1897.797357 63.000000
8611.666667 9429.333333 -1723.672631 63.000000
8378.777778 10696.888889 -1367.439612 63.000000
8145.888889 11964.444444 -806.589702 63.000000
7913.000000 13232.000000 2.746636 63.000000

7337.000000 1008.000000 -72.173593 63.000000
7633.888889 2268.444444 -877.570711 63.000000
7930.777778 3528.888889 -1435.246869 63.000000
8227.666667 4789.333333 -1788.394121 63.000000
8524.555556 6049.777778 -1959.176075 63.000000
8821.444444 7310.222222 -1957.145392 63.000000
9118.333333 8570.666667 -1782.192529 63.000000
9415.222222 9831.111111 -1424.514107 63.000000
9712.111111 11091.555556 -861.576927 63.000000
10009.000000 12352.000000 -49.502222 63.000000

1913.000000 2960.000000 137.613564 63.000000
3082.777778 3128.888889 -569.301302 63.000000
4252.555556 3297.777778 -1065.465782 63.000000
5422.333333 3466.666667 -1384.990673 63.000000
6592.111111 3635.555556 -1545.955334 63.000000
7761.888889 3804.444444 -1556.521751 63.000000
8931.666667 3973.333333 -1417.205580 63.000000
10101.444444 4142.222222 -1121.009998 63.000000
11271.222222 4311.111111 -651.512298 63.000000
12441.000000 4480.000000 22.494940 63.000000

1865.000000 2840.000000 234.416626 63.000000
3034.777778 3008.888889 -489.929174 63.000000
4204.555556 3177.777778 -999.220791 63.000000
5374.333333 3346.666667 -1329.407383 63.000000
6544.111111 3515.555556 -1499.527687 63.000000
7713.888889 3684.444444 -1518.325751 63.000000
8883.666667 3853.333333 -1386.727656 63.000000
10053.444444 4022.222222 -1098.084398 63.000000
11223.222222 4191.111111 -636.346077 63.000000
12393.000000 4360.000000 29.169509 63.000000

729.000000 7200.000000 -138.499447 63.000000
1646.333333 6556.444444 -739.899633 63.000000
2563.666667 5912.888889 -1163.194258 63.000000
3481.000000 5269.333333 -1432.836631 63.000000
4398.333333 4625.777778 -1562.071959 63.000000
5315.666667 3982.222222 -1556.702251 63.000000
6233.000000 3338.666667 -1416.492964 63.000000
7150.333333 2695.111111 -1135.118892 63.000000
8067.666667 2051.555556 -698.617322 63.000000
8985.000000 1408.000000 -81.348147 63.000000

649.000000 7392.000000 -72.712258 63.000000
1603.666667 6730.666667 -723.779881 63.000000
2558.333333 6069.333333 -1180.182431 63.000000
3513.000000 5408.000000 -1470.626536 63.000000
4467.666667 4746.666667 -1610.444547 63.000000
5422.333333 4085.333333 -1606.335320 63.000000
6377.000000 3424.000000 -1458.107799 63.000000
7331.666667 2762.666667 -1158.633919 63.000000
8286.333333 2101.333333 -691.980921 63.000000
9241.000000 1440.000000 -28.417113 63.000000

665.000000 5056.000000 181.530569 63.000000
1921.888889 4926.222222 -638.930989 63.000000
3178.777778 4796.444444 -1211.712994 63.000000
4435.666667 4666.666667 -1582.149510 63.000000
5692.555556 4536.888889 -1773.687424 63.000000
6949.444444 4407.111111 -1797.012275 63.000000
8206.333333 4277.333333 -1653.365517 63.000000
9463.222222 4147.555556 -1334.898170 63.000000
10720.111111 4017.777778 -822.324631 63.000000
11977.000000 3888.000000 -77.983559 63.000000

3561.000000 12256.000000 -123.067063 63.000000
3623.222222 11041.777778 -810.979516 63.000000
3685.444444 9827.555556 -1287.278337 63.000000
3747.666667 8613.333333 -1584.142485 63.000000
3809.888889 7399.111111 -1718.325392 63.000000
3872.111111 6184.888889 -1696.704623 63.000000
3934.333333 4970.666667 -1518.199035 63.000000
3996.555556 3756.444444 -1173.480664 63.000000
4058.777778 2542.222222 -642.281872 63.000000
4121.000000 1328.000000 113.821899 63.000000

3713.000000 12280.000000 -167.309114 63.000000
3775.222222 11065.777778 -853.983416 63.000000
3837.444444 9851.555556 -1330.194982 63.000000
3899.666667 8637.333333 -1627.793386 63.000000
3961.888889 7423.111111 -1763.417848 63.000000
4024.111111 6208.888889 -1743.955421 63.000000
4086.333333 4994.666667 -1568.442543 63.000000
4148.555556 3780.444444 -1227.810982 63.000000
4210.777778 2566.222222 -702.304441 63.000000
4273.000000 1352.000000 45.434870 63.000000

4233.000000 12528.000000 -185.181327 63.000000
4912.111111 12487.111111 -396.317573 63.000000
5591.222222 12446.222222 -547.086085 63.000000
6270.333333 12405.333333 -640.711435 63.000000
6949.444444 12364.444444 -679.080384 63.000000
7628.555556 12323.555556 -662.941993 63.000000
8307.666667 12282.666667 -591.982871 63.000000
8986.777778 12241.777778 -464.795979 63.000000
9665.888889 12200.888889 -278.735460 63.000000
10345.000000 12160.000000 -29.620533 63.000000

3913.000000 12416.000000 -152.250209 63.000000
4647.222222 12373.333333 -405.716395 63.000000
5381.444444 12330.666667 -587.584117 63.000000
6115.666667 12288.000000 -702.433702 63.000000
6849.888889 12245.333333 -752.956349 63.000000
7584.111111 12202.666667 -740.289961 63.000000
8318.333333 12160.000000 -664.151816 63.000000
9052.555556 12117.333333 -522.806111 63.000000
9786.777778 12074.666667 -312.857298 63.000000
10521.000000 12032.000000 -28.808092 63.000000

3737.000000 12256.000000 -191.892964 63.000000
4497.888889 12222.222222 -460.810406 63.000000
5258.777778 12188.444444 -653.154189 63.000000
6019.666667 12154.666667 -774.062106 63.000000
6780.555556 12120.888889 -826.528452 63.000000
7541.444444 12087.111111 -811.800095 63.000000
8302.333333 12053.333333 -729.530120 63.000000
9063.222222 12019.555556 -577.735735 63.000000
9824.111111 11985.777778 -352.547945 63.000000
10585.000000 11952.000000 -47.674154 63.000000

